37076
27672
189 182 108 -1 
142 79 66 122 -1 
113 2 148 84 22 174 69 -1 
6 158 29 118 -1 
196 73 76 99 -1 
101 178 16 123 -1 
26 71 49 -1 
24 28 106 187 -1 
103 160 93 175 150 3 -1 
153 138 200 64 -1 
11 102 104 197 -1 
85 112 77 168 15 -1 
119 114 -1 
181 58 116 167 44 140 -1 
50 14 5 115 25 145 -1 
176 21 -1 
107 -1 
80 111 179 110 -1 
199 131 53 78 -1 
47 70 94 30 -1 
35 43 39 195 68 125 -1 
65 183 -1 
97 18 33 188 -1 
52 194 165 -1 
155 -1 
171 143 172 86 100 184 159 109 -1 
92 129 127 74 -1 
62 141 7 54 -1 
134 4 -1 
41 10 193 120 -1 
191 152 55 157 63 -1 
164 90 51 144 151 132 -1 
8 136 156 82 13 96 139 -1 
31 46 130 72 27 42 40 -1 
190 98 121 56 9 81 -1 
61 198 20 57 95 -1 
161 137 105 1 12 -1 
87 91 166 -1 
36 117 60 192 154 -1 
89 180 -1 
32 185 -1 
163 146 -1 
126 59 -1 
135 19 128 133 177 83 -1 
149 124 34 23 -1 
186 162 48 -1 
88 17 147 169 -1 
170 67 75 37 -1 
-1 
45 173 38 -1 

200

26430
189 108 182 -1 
66 122 142 79 -1 
148 69 22 84 174 2 113 -1 
29 118 158 6 -1 
73 196 99 76 -1 
101 16 178 123 -1 
71 49 26 -1 
187 28 106 24 -1 
103 160 175 93 3 150 -1 
200 64 138 153 -1 
197 104 11 102 -1 
77 15 168 112 85 -1 
114 119 -1 
44 181 140 167 58 116 -1 
50 25 5 145 14 115 -1 
21 176 -1 
107 -1 
111 80 110 179 -1 
199 131 78 53 -1 
47 70 30 94 -1 
195 68 125 43 35 39 -1 
65 183 -1 
33 18 97 188 -1 
194 165 52 -1 
155 -1 
109 172 100 159 86 143 184 171 -1 
129 127 92 74 -1 
7 54 62 141 -1 
134 4 -1 
41 10 193 120 -1 
152 55 63 157 191 -1 
132 151 51 164 90 144 -1 
156 139 13 136 8 96 82 -1 
42 27 72 46 40 31 130 -1 
190 56 121 81 9 98 -1 
57 61 198 95 20 -1 
161 137 1 12 105 -1 
87 91 166 -1 
154 192 60 117 36 -1 
180 89 -1 
185 32 -1 
146 163 -1 
59 126 -1 
19 177 133 83 135 128 -1 
23 34 149 124 -1 
186 162 48 -1 
169 147 88 17 -1 
75 37 67 170 -1 
-1 
38 173 45 -1 

200

24888
189 108 182 -1 
122 66 142 79 -1 
148 2 22 84 174 69 113 -1 
29 118 6 158 -1 
99 196 73 76 -1 
16 101 178 123 -1 
71 49 26 -1 
24 106 28 187 -1 
103 160 150 93 3 175 -1 
200 64 138 153 -1 
197 104 11 102 -1 
77 15 168 112 85 -1 
119 114 -1 
181 167 140 58 44 116 -1 
50 25 115 145 14 5 -1 
21 176 -1 
107 -1 
179 110 80 111 -1 
78 131 199 53 -1 
47 70 30 94 -1 
195 68 39 43 35 125 -1 
65 183 -1 
188 18 97 33 -1 
194 52 165 -1 
155 -1 
109 184 100 159 86 143 172 171 -1 
92 127 74 129 -1 
7 54 62 141 -1 
4 134 -1 
193 41 10 120 -1 
152 55 191 157 63 -1 
132 151 51 90 164 144 -1 
8 139 96 136 156 13 82 -1 
31 27 72 46 40 42 130 -1 
190 56 121 81 9 98 -1 
57 61 198 95 20 -1 
105 12 137 1 161 -1 
91 166 87 -1 
154 192 60 117 36 -1 
180 89 -1 
32 185 -1 
146 163 -1 
59 126 -1 
19 177 133 135 83 128 -1 
23 34 149 124 -1 
48 162 186 -1 
147 169 88 17 -1 
75 37 67 170 -1 
-1 
38 173 45 -1 

200

24185
189 108 182 -1 
122 66 142 79 -1 
148 2 113 84 174 69 22 -1 
29 118 6 158 -1 
99 196 73 76 -1 
16 101 178 123 -1 
71 49 26 -1 
24 106 28 187 -1 
103 160 150 93 3 175 -1 
200 64 138 153 -1 
197 104 11 102 -1 
77 15 168 112 85 -1 
119 114 -1 
181 167 140 58 44 116 -1 
50 25 115 145 14 5 -1 
21 176 -1 
107 -1 
179 110 80 111 -1 
78 131 199 53 -1 
94 70 30 47 -1 
195 68 39 43 35 125 -1 
65 183 -1 
188 18 97 33 -1 
194 52 165 -1 
155 -1 
109 100 184 159 86 171 172 143 -1 
92 127 74 129 -1 
7 54 62 141 -1 
134 4 -1 
193 41 10 120 -1 
152 55 191 157 63 -1 
132 151 51 90 164 144 -1 
8 139 96 136 156 13 82 -1 
31 27 72 46 40 42 130 -1 
81 56 121 190 9 98 -1 
57 61 198 95 20 -1 
105 12 137 1 161 -1 
91 166 87 -1 
154 192 60 117 36 -1 
180 89 -1 
32 185 -1 
146 163 -1 
59 126 -1 
19 177 133 135 83 128 -1 
23 34 149 124 -1 
48 162 186 -1 
147 169 88 17 -1 
75 37 170 67 -1 
-1 
38 173 45 -1 

200

23613
189 108 182 -1 
122 66 79 142 -1 
148 22 113 84 174 69 2 -1 
29 118 6 158 -1 
76 196 73 99 -1 
101 16 178 123 -1 
71 49 26 -1 
24 28 106 187 -1 
103 160 150 93 3 175 -1 
200 64 138 153 -1 
197 11 104 102 -1 
77 15 168 112 85 -1 
119 114 -1 
181 58 140 167 44 116 -1 
50 25 115 145 14 5 -1 
21 176 -1 
107 -1 
179 110 80 111 -1 
78 131 199 53 -1 
94 70 30 47 -1 
195 68 39 43 35 125 -1 
65 183 -1 
188 18 97 33 -1 
194 52 165 -1 
155 -1 
109 100 184 159 86 171 172 143 -1 
92 127 74 129 -1 
7 54 62 141 -1 
134 4 -1 
193 41 10 120 -1 
152 55 191 157 63 -1 
132 151 51 90 164 144 -1 
8 139 96 136 156 13 82 -1 
31 27 72 46 40 42 130 -1 
81 56 121 190 9 98 -1 
57 61 198 95 20 -1 
105 12 137 1 161 -1 
91 166 87 -1 
154 192 60 117 36 -1 
180 89 -1 
32 185 -1 
146 163 -1 
59 126 -1 
19 177 133 135 83 128 -1 
23 34 149 124 -1 
48 162 186 -1 
147 169 88 17 -1 
75 37 170 67 -1 
-1 
38 173 45 -1 

200

23532
189 108 182 -1 
122 66 79 142 -1 
148 22 113 84 174 69 2 -1 
29 118 6 158 -1 
76 196 73 99 -1 
101 16 178 123 -1 
71 49 26 -1 
24 28 106 187 -1 
103 160 150 93 3 175 -1 
200 64 138 153 -1 
197 11 104 102 -1 
77 15 168 112 85 -1 
119 114 -1 
181 58 140 167 44 116 -1 
50 25 115 145 14 5 -1 
21 176 -1 
107 -1 
179 110 80 111 -1 
78 131 199 53 -1 
94 70 30 47 -1 
195 68 39 43 35 125 -1 
65 183 -1 
188 18 97 33 -1 
194 52 165 -1 
155 -1 
109 100 184 159 86 171 172 143 -1 
92 127 74 129 -1 
7 54 62 141 -1 
134 4 -1 
193 41 10 120 -1 
152 55 191 157 63 -1 
132 151 51 90 164 144 -1 
8 139 96 136 156 13 82 -1 
31 27 72 46 40 42 130 -1 
81 56 121 190 9 98 -1 
57 61 198 95 20 -1 
105 12 137 1 161 -1 
91 166 87 -1 
154 192 60 117 36 -1 
180 89 -1 
32 185 -1 
146 163 -1 
59 126 -1 
19 177 133 135 83 128 -1 
23 34 149 124 -1 
48 162 186 -1 
147 169 88 17 -1 
75 37 170 67 -1 
-1 
38 173 45 -1 

200

23532
23532
23532
23532
23532
23532
23532
23532
23532
23532
23532
23532
23532
23532
23532
23532
23532
23532
23532
23532
23532
23532
23532
23532
23532
23532
23532
23532
23532
23532
23532
23532
23532
23532
23532
23532
23532
23532
23532
23532
23532
23532
23532
23532
23532
23532
23532
23532
23532
22548
189 108 182 -1 
66 79 122 142 -1 
2 113 22 148 84 174 69 -1 
29 118 6 158 -1 
73 76 99 196 -1 
178 101 16 123 -1 
71 26 49 -1 
28 106 24 187 -1 
175 93 150 3 160 103 -1 
153 64 200 138 -1 
104 197 11 102 -1 
77 112 168 85 15 -1 
119 114 -1 
44 116 140 58 167 181 -1 
145 5 14 25 115 50 -1 
176 21 -1 
107 -1 
80 111 179 110 -1 
199 131 53 78 -1 
94 70 47 30 -1 
195 68 125 43 39 35 -1 
65 183 -1 
33 97 18 188 -1 
194 165 52 -1 
155 -1 
172 159 100 86 184 171 143 109 -1 
129 127 92 74 -1 
62 54 141 7 -1 
134 4 -1 
193 120 10 41 -1 
152 55 157 191 63 -1 
164 51 151 144 132 90 -1 
82 136 156 13 96 8 139 -1 
27 40 31 42 130 72 46 -1 
121 56 190 9 98 81 -1 
61 198 20 57 95 -1 
161 1 137 12 105 -1 
87 91 166 -1 
192 154 36 117 60 -1 
180 89 -1 
32 185 -1 
146 163 -1 
59 126 -1 
19 83 177 128 135 133 -1 
124 149 23 34 -1 
186 162 48 -1 
147 88 17 169 -1 
67 170 75 37 -1 
-1 
38 45 173 -1 

200

22548
22548
22548
22548
22548
22548
22548
22548
22548
22548
22548
22548
22548
22548
22548
22548
22548
22548
22548
22548
22548
22548
22548
22548
22548
22548
22548
22548
22548
22548
22548
22548
22548
22548
22548
22548
22548
22548
22548
22548
22548
22548
22548
22548
22548
22548
22548
22548
22548
22548
22548
22548
22548
22548
22548
22548
22548
22548
22548
